2 12 480 6 90
  0   28.961532   41.0419990 0  0    0 60
  1   28.998334   41.0679290 5  1    0 60
  2   28.995370   41.0683038 5  1    0 60
  3   29.025015   41.1103170 5  1    0 60
  4   28.994817   41.0492424 5  1    0 60
  5   28.992405   41.0509730 5  1    0 60
  6   28.992405   41.0509730 5  1    0 60  
  7   29.008580   41.0722966 5 -1    0 60
  8   29.002615   41.0797336 5 -1    0 60
  9   29.024980   41.1113830 5 -1    0 60
 10   28.998574   41.0442218 5 -1    0 60
 11   28.982406   41.0366622 5 -1    0 60
 12   29.000000   41.0464880 5 -1    0 60
