3 20 480 6 90
  0   28.961532   41.0419990 0  0    0 60
  1   28.998334   41.0679290 5  1    0 60
  2   28.995370   41.0683038 5  1    0 60
  3   29.025015   41.1103170 5  1    0 60
  4   28.994817   41.0492424 5  1    0 60
  5   28.992405   41.0509730 5  1    0 60
  6   28.992405   41.0509730 5  1    0 60 
  7   29.019145   41.1089660 5  1    0 60
  8   28.994785   41.0506640 5  1    0 60
  9   28.994216   41.0478833 5  1    0 60
 10   28.986510   41.0464000 5  1    0 60 
 11   29.008580   41.0722966 5 -1    0 60
 12   29.002615   41.0797336 5 -1    0 60
 13   29.024980   41.1113830 5 -1    0 60
 14   28.998574   41.0442218 5 -1    0 60
 15   28.982406   41.0366622 5 -1    0 60
 16   29.000000   41.0464880 5 -1    0 60
 17   29.006665   41.0985359 5 -1  202 60
 18   29.004568   41.0464808 5 -1  225 60
 19   29.008514   41.0538979 5 -1  102 60
 20   28.978506   41.0430987 5 -1  260 60