3 32 480 6 90
  0   28.961532   41.0419990 0  0    0 60
  1   28.998334   41.0679290 5  1    0 60
  2   28.995370   41.0683038 5  1    0 60
  3   29.025015   41.1103170 5  1    0 60
  4   28.994817   41.0492424 5  1    0 60
  5   28.992405   41.0509730 5  1    0 60
  6   28.992405   41.0509730 5  1    0 60
  7   29.019145   41.1089660 5  1    0 60
  8   28.994785   41.0506640 5  1    0 60
  9   28.994216   41.0478833 5  1    0 60
 10   28.986510   41.0464000 5  1    0 60
 11   28.986622   41.0463760 5  1    0 60
 12   28.988008   41.0611558 5  1    0 60
 13   28.992600   41.0508389 5  1  325 60
 14   29.032298   41.1103020 5  1  111 60
 15   28.992405	  41.0509730 5  1    0 60
 16   28.991022   41.0513350 5  1    0 60
 17   29.008580   41.0722966 5 -1  258 60
 18   29.002615   41.0797336 5 -1  329 60
 19   29.024980   41.1113830 5 -1  209 60
 20   28.998574   41.0442218 5 -1  416 60
 21   28.982406   41.0366622 5 -1  305 60
 22   29.000000   41.0464880 5 -1  432 60
 23   29.006665   41.0985359 5 -1  202 60
 24   29.004568   41.0464808 5 -1  225 60
 25   29.008514   41.0538979 5 -1  102 60
 26   28.978506   41.0430987 5 -1  260 60
 27   28.995826   41.0315929 5 -1  178 60
 28   28.998227   41.0740125 5 -1  381 60
 29   28.989629   41.0520456 5 -1    0 60
 30	  29.051635   41.1246128 5 -1    0 60
 31   28.992299   41.0684371 5 -1    0 60
 32   28.982403   41.0443186 5 -1    0 60