Order time	destination_lat	destination_lng	pickup_lat	pickup_lng
05:02:00	41.0506489	28.9991076	41.0510092	29.0013144
05:06:00	41.059886	28.983325	41.0635684	28.9915353
05:10:00	41.0753225	29.0217588	41.076388	29.0260299
05:17:00	41.042139	28.966275	41.0422777	28.9663998
05:43:00	41.1024022	29.0514189	41.1084392	29.0178055
05:49:00	41.046111	28.993412	41.0492239	28.9985262
05:59:00	41.0399091	28.992364	41.0531146	28.9943573
06:01:00	40.9965737	29.1002133	40.9953877	29.1002273
06:11:00	40.987384	29.021858	40.9872831	29.0216875
06:13:00	40.9729622	29.1056494	40.9883803	29.1041373
06:14:00	41.046111	28.993412	41.0505321	28.9927055
06:16:00	41.112384	29.018288	41.1096713	29.0210258
06:20:00	41.032823	28.987406	41.0320909	28.989933
06:21:00	41.108593	29.016248	41.1133108	29.0221703
06:25:00	40.980141	29.08227	40.990713	29.0233388
06:28:00	41.0897023	29.0049058	41.07809	29.010916
06:29:00	40.997403	29.103601	40.9980063	29.100813
06:39:00	41.063402	29.005397	41.0647521	29.0090798
06:41:00	41.076376	29.033059	41.0760841	29.020611
06:44:00	41.072804	29.034394	41.0768761	29.030998
06:49:00	41.054202	28.992829	41.0515102	28.9912503
06:49:00	41.074082	29.020336	41.0763767	29.0260406
06:49:00	41.043332	28.986933	41.0492842	28.995867
06:50:00	41.048693	28.994205	41.0510969	28.9927767
06:53:00	41.079574	29.044751	41.0797391	29.0324985
06:56:00	41.102627	29.001624	41.1133108	29.0221703
06:58:00	41.073472	29.016762	41.078702	29.0306636
07:00:00	41.073622	29.016553	41.0780968	29.0109012
07:01:00	40.975199	29.069358	40.9839322	29.0392093
07:06:00	41.074082	29.020336	41.077615	29.0278407
07:13:00	41.0658779	28.9877845	41.0620514	28.9891019
07:16:00	41.025735	28.980148	41.0300613	28.9941842
07:26:00	41.124309	29.0110762	41.0510299	29.0014364
07:38:00	41.086868	29.034826	41.080566	29.035869
07:48:00	41.0827479	29.0214249	41.0781877	29.0115903
07:52:00	41.090671	29.022075	41.0808143	29.0217718
07:54:00	41.0839831	29.0268171	41.0797465	29.032516
07:54:00	41.1300736	29.0294874	41.0661128	29.0172302
08:16:00	40.980141	29.08227	41.0235429	29.0413923
08:39:00	41.0694269	29.0130463	41.0794208	29.0319404
08:41:00	41.0547532	28.9952525	41.0520691	28.9934331
09:01:00	41.049292	29.007948	41.0667021	29.0171897
09:04:00	41.0693347	29.0026206	41.0673386	28.9917394
09:04:00	41.064333	29.030999	41.0676677	29.0449644
09:08:00	40.9812568	29.1501746	41.0741599	29.0234646
09:09:00	41.061318	29.011522	41.0757827	29.0188551
09:17:00	41.07208	29.013543	41.0771433	29.0270754
09:20:00	41.044	29.002	41.0678668	29.011368
09:23:00	41.090597	29.000679	41.0911244	29.0050393
09:25:00	41.0541487	28.9881296	41.0480569	28.9890675
09:26:00	40.971134	29.086694	40.9709095	29.0866988
09:26:00	41.06027	28.987338	41.0529354	28.9907569
09:29:00	41.0891121	29.0314137	41.0787559	29.0129527
09:39:00	41.074774	29.018218	41.0796628	29.0331737
09:43:00	41.0641523	29.0187525	41.0697403	29.0018002
09:44:00	41.0884373	29.0363757	41.0797667	29.0325219
09:46:00	41.03171	28.984008	41.0428355	28.9796082
09:52:00	41.089637	29.032084	41.0797462	29.0325083
09:59:00	40.990277	29.103592	40.9801298	29.1136068
10:02:00	41.0784306	29.0379475	41.0797537	29.0331154
10:05:00	41.080723	29.031259	41.0796997	29.0324686
10:08:00	40.9786069	29.063807	40.9733704	29.0563682
10:12:00	41.0996382	29.0079389	41.0634546	28.9922144
10:13:00	41.097067	29.003545	41.0783897	29.0110454
10:25:00	41.0827479	29.0214249	41.0773316	29.0247164
10:28:00	41.1081513	29.0201776	41.1182142	29.0232615
10:28:00	41.072498	29.016796	41.0742778	29.0160395
10:44:00	41.10947	29.041527	41.1117674	29.0319907
10:45:00	41.089637	29.032084	41.0899233	29.0326083
10:47:00	41.044	29.002	41.0758742	29.0145729
10:55:00	41.049911	28.9902827	41.0305697	28.9794672
11:02:00	41.046007	28.998776	41.0515102	28.9912503
11:12:00	40.980141	29.08227	41.0031773	29.0434568
11:13:00	41.090597	29.000679	41.0781059	29.0108648
11:16:00	40.980141	29.08227	40.967374	29.0676705
11:18:00	41.0784306	29.0379475	41.0751633	29.0369788
11:24:00	40.9951287	29.0338834	41.0031823	29.0434605
11:32:00	40.9707128	29.0874044	40.967374	29.0676705
11:40:00	41.077529	29.021575	41.0793346	29.0211449
11:46:00	40.9573729	29.080016	40.9568047	29.0801571
11:47:00	41.0748076	29.0193209	41.0789046	29.0116218
11:48:00	41.124309	29.0110762	41.0758464	29.0148974
11:50:00	41.057209	29.01121	41.0440227	29.0071504
11:51:00	41.057209	29.01121	41.0440323	29.0072004
11:51:00	41.0274781	28.9743084	41.0284597	28.9744525
11:53:00	41.0667352	28.9992677	41.0531205	28.9943605
11:54:00	41.049825	29.006599	41.0440227	29.0071504
12:01:00	40.99104	29.030011	41.0031698	29.0434501
12:07:00	41.111841	29.014605	41.1087068	29.0199879
12:12:00	41.058697	29.007484	41.0582769	29.0077858
12:12:00	41.051237	29.005621	41.0759722	29.0338742
12:18:00	41.044	29.002	41.0806834	29.012119
12:20:00	41.108906	29.016275	41.1073718	29.018533
12:23:00	41.049033	28.993906	41.0484361	28.9897951
12:23:00	41.108906	29.016275	41.1087926	29.0112581
12:37:00	41.044	29.002	41.0440005	29.0071295
12:39:00	40.97694	29.0625	40.96003833	29.09425
12:40:00	41.1098799	29.0426042	41.1044083	29.0450835
12:44:00	40.9901644	29.0290766	41.0031937	29.0434851
12:53:00	41.0111315	29.0384183	41.0236181	29.0418911
12:53:00	41.057303	28.980702	41.0489729	28.9923263
12:54:00	41.0672202	29.0302322	41.0762906	29.0260292
12:54:00	41.058701	29.0145962	41.0647855	29.0091704
13:06:00	41.0553682	28.9987786	41.0572978	28.9993039
13:09:00	41.0996382	29.0079389	41.0689637	29.010633
13:16:00	41.044069	29.010841	41.0647742	29.0091705
13:17:00	41.0607783	29.0302054	41.076853	29.0243527
13:19:00	41.0554984	28.9791944	41.0488548	28.9933148
13:23:00	41.0733562	29.0166295	41.0763891	29.0260451
13:24:00	41.053835	28.990098	41.0515102	28.9912503
13:24:00	41.076373	29.043036	41.0775174	29.0124157
13:25:00	41.044	29.002	41.0572005	28.999033
13:26:00	41.0733562	29.0166295	41.075911	29.0146915
13:27:00	41.074082	29.020336	41.0797513	29.0325159
13:27:00	41.064333	29.030999	41.0805898	29.0358062
13:31:00	40.9733521	29.0414206	40.96075333	29.07960167
13:42:00	40.98912	29.033272	41.0031681	29.0434362
13:46:00	41.07974	29.035203	41.0766876	29.0269524
13:53:00	41.0641724	29.0057072	41.0664177	29.0172769
14:00:00	41.064482	28.993241	41.0635807	28.9915591
14:01:00	41.070407	29.000171	41.0566485	28.9870075
14:04:00	41.0625417	28.9839875	41.0625472	28.9839243
14:07:00	41.0095129	28.9333369	41.0772381	29.0439924
14:09:00	41.091347	29.003465	41.0780869	29.0109156
14:09:00	41.044	29.002	41.051038	28.9928202
14:11:00	41.0508083	28.9943273	41.052673	28.9924474
14:12:00	41.0782954	29.0382869	41.0797541	29.0325238
14:38:00	41.055643	28.99238	41.0507408	28.9944785
14:44:00	41.06162	29.02171	41.0627339	29.008348
14:46:00	41.071937	29.025733	41.0782034	29.0113982
14:53:00	41.072716	28.999998	41.0696989	29.0061654
15:04:00	40.989052	29.029481	41.003181	29.0434377
15:06:00	41.108566	29.018279	41.107661	29.018533
15:14:00	41.0784306	29.0379475	41.0767061	29.0269467
15:16:00	41.033116	28.987033	41.0368999	28.9862603
15:17:00	41.049292	29.007948	41.0492395	29.0082356
15:26:00	41.0591152	28.9846232	41.0507734	28.992418
15:28:00	41.0827479	29.0214249	41.0797586	29.033117
15:42:00	41.0326473	28.9830045	41.0302838	28.988331
15:44:00	41.045742	29.012718	41.0569109	29.0099419
15:54:00	41.075306	29.043108	41.0768774	29.027122
16:05:00	41.166328	29.04995	41.1117455	29.0341729
16:14:00	41.0482285	28.995908	41.0507878	28.9945675
16:18:00	40.9748786	29.0567685	40.9798212	29.0992033
16:18:00	41.085984	29.010984	41.0782273	29.0119914
16:19:00	41.074837	29.034053	41.0749916	29.0469018
16:21:00	41.0774459	28.9843919	41.079592	29.0322251
16:23:00	41.0509501	28.9945729	41.050978	28.9946297
16:23:00	41.166328	29.04995	41.1072827	29.0178055
16:24:00	41.1217491	29.0323953	41.110858	29.0346405
16:35:00	41.089179	29.03099	41.076715	29.0268831
16:45:00	41.052434	28.994383	41.0492907	28.9958597
17:07:00	41.067507	29.040045	41.0675511	29.0400628
17:24:00	40.978535	29.071441	40.9845585	29.0531464
17:25:00	41.1081513	29.0201776	41.1072528	29.0305358
17:28:00	41.080526	29.027037	41.0797417	29.0324927
17:37:00	41.063517	29.01933	41.0773316	29.0247164
17:40:00	40.986322	29.033191	40.9844883	29.0266133
17:41:00	41.044069	29.010841	41.0477964	29.0238512
17:55:00	41.166328	29.04995	41.1041943	29.0279898
17:57:00	41.0566397	28.9992387	41.0510177	28.9925921
18:02:00	41.060281	28.993243	41.0509084	28.9925478
18:07:00	41.048279	29.007238	41.0427296	29.0022641
18:16:00	41.044	29.002	41.0424578	29.0026101
18:23:00	41.044	29.002	41.0507414	28.9924029
18:27:00	41.0580445	28.9933299	41.0510566	28.9927793